1617177508.32 -0.365912377834 0.517502844334 0.116611175239 -0.17744917 -0.52422565 0.313999891281
1617177513.51 -0.500786423683 0.530222535133 0.109842970967 -0.17744917 -0.52422565 0.0980000495911
1617177522.1 -0.431858032942 0.663060724735 0.0754979178309 -0.17744917 -0.52422565 0.862999916077
1617177522.35 -0.419890999794 0.695492684841 0.0770960971713 -0.17744917 -0.52422565 0.242999792099
1617177525.16 -0.48484390974 0.474213808775 0.173683464527 -0.17744917 -0.52422565 2.79699993134
1617177545.46 -0.488615989685 0.475058466196 0.476129472256 -0.17744917 -0.52422565 0.275000095367
1617177636.32 -0.500169813633 0.634612977505 0.423294305801 -0.17744917 -0.52422565 0.0169999599457
1617177636.34 -0.500279724598 0.642425000668 0.422005832195 -0.17744917 -0.52422565 0.00800013542175
1617177637.37 -0.490669280291 0.705439925194 0.394312918186 -0.17744917 -0.52422565 1.02099990845
1617177637.44 -0.490292727947 0.704301059246 0.392336130142 -0.17744917 -0.52422565 0.0420000553131
1617177639.67 -0.506868362427 0.710302293301 0.280138790607 -0.17744917 -0.52422565 0.259000062943
1617177641.69 -0.504556834698 0.72190362215 0.137617558241 -0.17744917 -0.52422565 0.648000001907
1617177653.63 -0.441119939089 0.476753056049 0.527287900448 -0.17744917 -0.52422565 0.167000055313
1617177712.43 -0.42194417119 0.695387482643 0.526105761528 -0.17744917 -0.52422565 0.871999979019
1617177713.36 -0.411109685898 0.724033236504 0.525196492672 -0.17744917 -0.52422565 0.40700006485
1617177715.95 -0.371099829674 0.704797387123 0.50205719471 -0.17744917 -0.52422565 1.06599998474
1617177716.69 -0.449190437794 0.684563934803 0.51542454958 -0.17744917 -0.52422565 0.25
1617177718.1 -0.355280101299 0.448608398438 0.302338004112 -0.17744917 -0.52422565 0.474999904633
1617177730.21 -0.504320204258 0.668292582035 0.260676115751 -0.17744917 -0.52422565 2.38700008392
1617177731.97 -0.503278970718 0.698464035988 0.456610679626 -0.17744917 -0.52422565 0.142000198364
1617177733.62 -0.499137252569 0.646790981293 0.476889848709 -0.17744917 -0.52422565 0.893000125885
1617177735.55 -0.461604595184 0.471500605345 0.430220395327 -0.17744917 -0.52422565 0.0750000476837
1617177794.81 -0.477319717407 0.593600571156 0.10499586165 -0.17744917 -0.52422565 41.4560000896
1617177796.59 -0.477660268545 0.579982876778 0.267399132252 -0.17744917 -0.52422565 1.26800012589
1617177799.52 -0.454862654209 0.671604692936 0.386909782887 -0.08333022 -0.75720876 0.516999959946
1617177804.8 -0.414749801159 0.454276293516 -0.0512660741806 -0.08333022 -0.75720876 0.506000041962
1617177805.84 -0.302912473679 0.464209973812 -0.00416592881083 -0.08333022 -0.75720876 0.786000013351
1617177806.27 -0.294102489948 0.518265068531 -0.0106366872787 -0.08333022 -0.75720876 0.135999917984
1617177807.49 -0.274324893951 0.46953445673 -0.0344196110964 -0.08333022 -0.75720876 0.71799993515
1617177814.18 -0.395791232586 0.68084436655 -0.0182287059724 -0.08333022 -0.75720876 0.0270001888275
1617177814.28 -0.393703281879 0.6847230196 -0.0159693043679 -0.08333022 -0.75720876 0.0920000076294
1617177816.59 -0.389374434948 0.712613046169 0.0256512239575 -0.08333022 -0.75720876 2.16299986839
1617177821.02 -0.407902449369 0.612064540386 0.220445975661 -0.08333022 -0.75720876 2.66799998283
1617177821.3 -0.272049933672 0.453323483467 0.151878222823 -0.08333022 -0.75720876 0.258000135422
1617177826.25 -0.41531509161 0.455350458622 -0.0721865147352 -0.08333022 -0.75720876 0.283999919891
1617177897.46 -0.259447664022 0.469748467207 0.111398369074 -0.08333022 -0.75720876 3.07400012016
1617177919.1 -0.340582996607 0.693042039871 0.00255606323481 -0.08333022 -0.75720876 0.769999980927
1617177938.54 -0.316697150469 0.637600302696 -0.00715915858746 -0.08333022 -0.75720876 19.2909998894
1617177962.17 -0.371440708637 0.461905449629 0.152049183846 -0.08333022 -0.75720876 0.692000150681
1617177992.79 -0.406468242407 0.456550329924 0.208859667182 -0.08333022 -0.75720876 0.675999879837
1617177992.86 -0.405309170485 0.453189373016 0.200488001108 -0.08333022 -0.75720876 0.0499999523163
1617177992.98 -0.400329768658 0.458374083042 0.184979364276 -0.08333022 -0.75720876 0.0999999046326
1617177993.59 -0.371836274862 0.457019269466 0.152819111943 -0.08333022 -0.75720876 0.100000143051
1617177999.24 -0.266353428364 0.591010093689 0.129399582744 -0.08333022 -0.75720876 3.01300001144
1617178000.62 -0.266978889704 0.648627996445 -0.0313602685928 -0.08333022 -0.75720876 0.541000127792
1617178001.19 -0.364930003881 0.615088522434 -0.128923803568 -0.08333022 -0.75720876 0.477999925613
1617178010.81 -0.296489745378 0.554201245308 -0.0130913797766 -0.08333022 -0.75720876 0.867000102997
1617178059.96 -0.291119903326 0.5365883708 0.282833516598 -0.08333022 -0.75720876 0.725999832153
1617178078.19 -0.312721192837 0.708592295647 0.199296534061 -0.276979 0.49562287 0.957999944687
1617178089.67 -0.575704693794 0.531224131584 1.24685502052 -0.276979 0.49562287 0.313999891281
1617178090.01 -0.58888733387 0.463274508715 1.23403406143 -0.276979 0.49562287 0.22100019455
1617178091.34 -0.550958991051 0.45441609621 1.10676443577 -0.276979 0.49562287 0.928999900818
1617178091.87 -0.554214298725 0.46299892664 1.25477313995 -0.276979 0.49562287 0.210000038147
1617178097.28 -0.484466850758 0.575469315052 1.12492835522 -0.276979 0.49562287 0.658999919891
1617178097.79 -0.488533318043 0.661689996719 1.12240219116 -0.276979 0.49562287 0.291999816895
1617178100.77 -0.568290114403 0.44984588027 1.11265182495 -0.276979 0.49562287 0.586999893188
1617178101.36 -0.564265608788 0.585000395775 1.11088144779 -0.276979 0.49562287 0.325999975204
1617178102.52 -0.51724088192 0.707987129688 1.10749447346 -0.276979 0.49562287 1.01299977303
1617178104.0 -0.544217467308 0.67720913887 1.17611539364 -0.276979 0.49562287 0.439999818802
1617178119.29 -0.47518736124 0.535033881664 1.41496002674 -0.276979 0.49562287 0.634999990463
1617178160.05 -0.450033485889 0.474104702473 1.47095990181 -0.276979 0.49562287 0.434000015259
1617178168.67 -0.468929976225 0.687053322792 1.42203807831 -0.276979 0.49562287 0.573999881744
1617178170.7 -0.450794428587 0.698593258858 1.46941125393 -0.276979 0.49562287 0.076000213623
1617178176.15 -0.58580738306 0.625061690807 1.30537831783 -0.276979 0.49562287 5.15900015831
1617178244.25 -0.553671181202 0.539965927601 1.28858268261 -0.276979 0.49562287 2.93799996376
1617178254.03 -0.516489088535 0.456444501877 1.54811060429 -0.276979 0.49562287 0.398000001907
1617178320.72 -0.524796485901 0.725505530834 1.39475297928 -0.276979 0.49562287 2.27500009537
1617178323.27 -0.554551005363 0.712030827999 1.21015381813 -0.276979 0.49562287 0.68700003624
1617178324.14 -0.508638858795 0.475766539574 1.2719963789 -0.276979 0.49562287 0.342000007629
1617178391.95 -0.582181930542 0.550303161144 1.33721864223 -0.276979 0.49562287 4.0680000782
1617178393.03 -0.590846002102 0.6728759408 1.19130802155 0.17370449 0.6732181 0.90900015831
1617178404.59 -0.109652429819 0.690972924232 1.42669820786 0.17370449 0.6732181 1.26999998093
1617178412.62 -0.00803598761559 0.475756943226 1.68718993664 0.17370449 0.6732181 0.141000032425
1617178532.6 -0.148979976773 0.565219819546 1.66703915596 0.17370449 0.6732181 0.00899982452393
1617178532.93 -0.111222535372 0.586963295937 1.71522116661 0.17370449 0.6732181 0.325999975204
1617178535.37 -0.126389682293 0.690961122513 1.66952228546 0.17370449 0.6732181 2.20000004768
1617178537.09 -0.0521802864969 0.481631696224 1.4763674736 0.17370449 0.6732181 0.894999980927
1617178600.71 -0.131882250309 0.683691561222 1.69941043854 0.17370449 0.6732181 1.79600000381
1617178600.86 -0.13045835495 0.682386875153 1.69701075554 0.17370449 0.6732181 0.00799989700317
1617178602.89 -0.0218383744359 0.57585054636 1.4812515974 0.17370449 0.6732181 1.76300001144
1617178604.94 -0.0354640036821 0.701586484909 1.40948140621 0.17370449 0.6732181 0.715000152588
1617178690.21 -0.0977922379971 0.665515959263 1.68040668964 0.17370449 0.6732181 2.29700016975
1617178790.47 -0.0819359943271 0.46669447422 1.43082153797 0.17370449 0.6732181 0.672000169754
1617178791.22 -0.0756216347218 0.546402215958 1.42743933201 0.17370449 0.6732181 0.118000030518
1617178791.32 -0.0826144888997 0.541288673878 1.4282156229 0.17370449 0.6732181 0.0260000228882
1617178793.33 -0.022387303412 0.599834620953 1.40693593025 0.17370449 0.6732181 1.89700007439
1617178881.14 -0.0307612046599 0.458314061165 1.45993757248 0.17370449 0.6732181 3.74699997902
