1617029206.84 -0.425709992647 0.672572374344 0.373824775219 -0.17744917 -0.52422565 1.25100016594
1617029207.81 -0.4384560287 0.705673635006 0.373211234808 -0.17744917 -0.52422565 0.319000005722
1617029210.41 -0.508358895779 0.45158624649 0.307754725218 -0.17744917 -0.52422565 0.673000097275
1617029221.42 -0.433145016432 0.621291637421 0.223449200392 -0.17744917 -0.52422565 0.610000133514
1617029221.51 -0.431993722916 0.643195271492 0.222586587071 -0.17744917 -0.52422565 0.0579998493195
1617029222.12 -0.428428351879 0.670831739902 0.223366692662 -0.17744917 -0.52422565 0.0270001888275
1617029223.26 -0.502011358738 0.448102921247 0.271596193314 -0.17744917 -0.52422565 0.726999998093
1617029234.23 -0.344302237034 0.66004383564 0.322599053383 -0.17744917 -0.52422565 1.27500009537
1617029300.56 -0.384442389011 0.579836189747 0.228383034468 -0.17744917 -0.52422565 1.65899991989
1617029337.21 -0.354932337999 0.60441339016 0.296497911215 -0.17744917 -0.52422565 0.208999872208
1617029339.38 -0.441625505686 0.644792854786 0.215915128589 -0.17744917 -0.52422565 1.06599998474
1617029350.33 -0.437678486109 0.448608875275 0.22158190608 -0.17744917 -0.52422565 0.376000165939
1617029380.9 -0.500826358795 0.462212622166 0.267796576023 -0.17744917 -0.52422565 0.257999897003
1617029397.0 -0.414923906326 0.473334848881 0.223356992006 -0.17744917 -0.52422565 0.434000015259
1617029402.14 -0.494145989418 0.625163495541 0.344876676798 -0.17744917 -0.52422565 1.30700016022
1617029420.95 -0.401107817888 0.563305497169 0.220420598984 -0.17744917 -0.52422565 1.75
1617029447.78 -0.422314524651 0.470953822136 0.21985027194 -0.17744917 -0.52422565 0.384000062943
1617029458.05 -0.413492590189 0.536985993385 0.372288823128 -0.17744917 -0.52422565 1.39200019836
1617029491.66 -0.362027078867 0.689679443836 0.267448663712 -0.17744917 -0.52422565 1.26499986649
1617029501.6 -0.506538450718 0.45137539506 0.311715602875 -0.17744917 -0.52422565 0.930999994278
1617029511.58 -0.375607192516 0.473763167858 0.244140699506 -0.17744917 -0.52422565 0.49599981308
1617029513.31 -0.509811580181 0.652474522591 0.322520494461 -0.17744917 -0.52422565 0.828000068665
1617029546.85 -0.45076084137 0.477183520794 0.224562168121 -0.17744917 -0.52422565 0.30899977684
1617029578.77 -0.499102592468 0.567384600639 0.261615216732 -0.17744917 -0.52422565 0.281000137329
1617029582.03 -0.35514524579 0.521750926971 0.312711447477 -0.17744917 -0.52422565 0.133000135422
1617029590.16 -0.423995286226 0.708317637444 0.222535386682 -0.17744917 -0.52422565 0.884999990463
1617029590.17 -0.423491954803 0.707906961441 0.222372144461 -0.17744917 -0.52422565 0.0090000629425
1617029592.05 -0.510500967503 0.568345189095 0.294599473476 -0.17744917 -0.52422565 1.73600006104
1617029607.22 -0.355663925409 0.488380044699 0.286594748497 -0.17744917 -0.52422565 0.175999879837
1617029609.9 -0.50455725193 0.623512804508 0.266603767872 -0.17744917 -0.52422565 2.06599998474
1617029671.29 -0.431309521198 0.71396613121 0.276513040066 -0.11102872 0.5849583 1.1890001297
1617029683.71 -0.358374118805 0.531752049923 1.48481023312 -0.11102872 0.5849583 0.40299987793
1617029685.2 -0.446173191071 0.645346105099 1.40489244461 -0.11102872 0.5849583 1.02100014687
1617029688.12 -0.40973097086 0.449444949627 1.46919095516 -0.11102872 0.5849583 0.773999929428
1617029728.17 -0.304955422878 0.462094783783 1.45196402073 -0.11102872 0.5849583 0.233000040054
1617029747.96 -0.282573401928 0.660292267799 1.42035710812 -0.11102872 0.5849583 1.40900015831
1617029768.03 -0.423934102058 0.672006011009 1.45714831352 -0.11102872 0.5849583 1.36599993706
1617029793.09 -0.440187364817 0.45841306448 1.39834070206 -0.11102872 0.5849583 0.0169999599457
1617029825.93 -0.431836724281 0.488761872053 1.36649870872 -0.11102872 0.5849583 0.292000055313
1617029828.96 -0.344810605049 0.552094876766 1.33415961266 -0.11102872 0.5849583 0.103000164032
1617029831.86 -0.27152839303 0.652377545834 1.4025888443 -0.11102872 0.5849583 0.873999834061
1617029845.6 -0.431345194578 0.636827111244 1.47472774982 -0.11102872 0.5849583 1.35800004005
1617029907.91 -0.278144687414 0.654679477215 1.39962983131 -0.11102872 0.5849583 1.27800011635
1617029924.65 -0.416402608156 0.700848996639 1.46306049824 -0.11102872 0.5849583 0.746999979019
1617029924.99 -0.398035049438 0.709400951862 1.47547280788 -0.11102872 0.5849583 0.232999801636
1617029925.54 -0.422109365463 0.722096979618 1.45780348778 -0.11102872 0.5849583 0.454999923706
1617029926.68 -0.421360909939 0.699302732944 1.46029472351 -0.11102872 0.5849583 0.811000108719
1617029990.83 -0.389956057072 0.463456183672 1.4810270071 -0.11102872 0.5849583 0.406000137329
1617029995.95 -0.380327045918 0.547640442848 1.33154201508 -0.11102872 0.5849583 0.386999845505
1617029997.46 -0.440815985203 0.722245812416 1.40275025368 -0.11102872 0.5849583 0.381000041962
1617029998.55 -0.411629647017 0.72012335062 1.46722018719 -0.11102872 0.5849583 0.389999866486
1617029998.82 -0.422829240561 0.713557779789 1.45604777336 -0.11102872 0.5849583 0.00800013542175
1617029998.85 -0.425043076277 0.711033701897 1.45368409157 -0.11102872 0.5849583 0.0169999599457
1617029999.4 -0.44048178196 0.69971960783 1.42203986645 -0.11102872 0.5849583 0.399999856949
1617030009.45 -0.319118320942 0.500319838524 1.46839249134 -0.11102872 0.5849583 0.670999765396
1617030010.65 -0.299561738968 0.710134804249 1.44445383549 -0.11102872 0.5849583 0.40900015831
1617030028.99 -0.422174245119 0.591929078102 1.46517217159 -0.11102872 0.5849583 1.51400017738
1617030055.74 -0.290061831474 0.598756849766 1.41543805599 -0.11102872 0.5849583 0.896000146866
1617030078.2 -0.392712205648 0.457724779844 1.4803737402 -0.11102872 0.5849583 0.441999912262
1617030102.53 -0.429785013199 0.548759400845 1.36381006241 -0.11102872 0.5849583 0.342000007629
1617030119.79 -0.422877877951 0.511903047562 1.45825707912 -0.11102872 0.5849583 0.218999862671
1617030121.4 -0.343244373798 0.702931582928 1.44510853291 0.2191291 0.35472545 0.52799987793
1617030145.9 -0.0909879505634 0.512379288673 1.22967922688 0.2191291 0.35472545 0.330000162125
1617030147.74 -0.0208295509219 0.696551322937 1.25374889374 0.2191291 0.35472545 0.773000001907
1617030215.11 0.0479029379785 0.565930843353 1.18169879913 0.2191291 0.35472545 1.1740000248
1617030234.81 0.0439068078995 0.622335314751 1.20423924923 0.2191291 0.35472545 1.23600006104
1617030297.02 0.0366551168263 0.567698001862 1.20372915268 0.2191291 0.35472545 0.388000011444
1617030297.79 0.0204435586929 0.706304550171 1.22845387459 0.2191291 0.35472545 0.417000055313
1617030298.86 0.0487225726247 0.658428072929 1.16422462463 0.2191291 0.35472545 0.852999925613
1617030327.36 0.0528671070933 0.64886713028 1.19599497318 0.2191291 0.35472545 1.29999995232
1617030396.62 0.0225002169609 0.660085916519 1.22605609894 0.2191291 0.35472545 0.723999977112
1617030397.84 0.0446590222418 0.667954266071 1.19377923012 0.2191291 0.35472545 1.1400001049
1617030419.34 -0.102656811476 0.545330941677 1.22367358208 0.2191291 0.35472545 1.30500006676
1617030484.4 0.0408377237618 0.591825187206 1.17415475845 0.2191291 0.35472545 1.39200019836
1617030492.05 -0.00479892548174 0.450024485588 1.26435101032 0.2191291 0.35472545 0.234999895096
1617030519.8 0.0396797209978 0.595766484737 1.18442463875 0.2191291 0.35472545 0.476000070572
1617030520.38 0.0314283780754 0.702138006687 1.21252381802 0.2191291 0.35472545 0.334000110626
1617030521.81 0.0390551798046 0.662383258343 1.16611552238 0.2191291 0.35472545 0.871999979019
1617030583.74 -0.0444069728255 0.629240334034 1.2185202837 0.14769809 -0.34679046 0.917000055313
1617030596.21 -0.0817693397403 0.716219305992 0.548632264137 0.14769809 -0.34679046 0.888000011444
1617030660.96 -0.130673915148 0.535725295544 0.553296744823 0.14769809 -0.34679046 1.31699991226
1617030676.42 -0.163100302219 0.652140915394 0.425652861595 0.14769809 -0.34679046 1.49699997902
1617030743.02 -0.103410840034 0.563004612923 0.557113409042 0.14769809 -0.34679046 1.54999995232
1617030762.55 -0.0373424552381 0.674632787704 0.430076569319 0.14769809 -0.34679046 1.32600021362
1617030813.43 -0.0291783437133 0.519612014294 0.485892355442 0.14769809 -0.34679046 0.317000150681
1617030824.0 -0.14541965723 0.55192399025 0.406545907259 0.14769809 -0.34679046 0.105000019073
1617030825.09 -0.147306621075 0.679008722305 0.4122402668 0.14769809 -0.34679046 0.450999975204
1617030826.15 -0.183497041464 0.667417705059 0.468546956778 0.14769809 -0.34679046 0.703000068665
1617030842.83 -0.180369377136 0.439740538597 0.493477404118 0.14769809 -0.34679046 0.443000078201
1617030843.04 -0.179046273232 0.443179756403 0.456800699234 0.14769809 -0.34679046 0.0250000953674
1617030846.88 -0.0709512382746 0.607521593571 0.402979165316 0.14769809 -0.34679046 2.76999998093
1617030907.5 -0.0735514014959 0.54834651947 0.543761134148 0.14769809 -0.34679046 1.29999995232
1617030921.01 -0.0248323939741 0.61990404129 0.460893750191 0.14769809 -0.34679046 1.34100008011
1617030942.72 -0.111447408795 0.473907887936 0.479114770889 -0.05195843 0.34991333 2.52800011635
1617030968.79 -0.276386767626 0.535424888134 1.24466872215 -0.05195843 0.34991333 1.38599991798
1617031043.63 -0.236801207066 0.635224163532 1.14411270618 -0.05195843 0.34991333 0.852999925613
1617031044.77 -0.240602269769 0.686336994171 1.1350928545 -0.05195843 0.34991333 0.774999856949
1617031054.39 -0.380954056978 0.481890439987 1.17755174637 -0.05195843 0.34991333 1.39100003242
1617031054.63 -0.382104963064 0.556592702866 1.16026091576 -0.05195843 0.34991333 0.206000089645
1617031056.58 -0.386693716049 0.662505686283 1.17078948021 -0.05195843 0.34991333 0.845999956131
1617031064.43 -0.316144287586 0.451121836901 1.09807419777 -0.05195843 0.34991333 1.19799995422
1617031119.87 -0.225542992353 0.547553658485 1.1400744915 -0.05195843 0.34991333 1.30800008774
1617031131.29 -0.379599273205 0.594195246696 1.15218365192 -0.05195843 0.34991333 1.61899995804
1617031132.71 -0.357840299606 0.698015570641 1.11812078953 -0.05195843 0.34991333 0.5
