1616441203.13 -0.370189100504 0.457270860672 0.112472221255 -0.17744917 -0.52422565 0.010999917984
1616441203.77 -0.462406247854 0.458002090454 0.0779724791646 -0.17744917 -0.52422565 0.634999990463
1616441204.8 -0.492788910866 0.459918677807 0.101059682667 -0.17744917 -0.52422565 0.158999919891
1616441204.85 -0.493219584227 0.460123330355 0.101377055049 -0.17744917 -0.52422565 0.0420000553131
1616441204.89 -0.493905335665 0.461660414934 0.101563729346 -0.17744917 -0.52422565 0.0329999923706
1616441204.93 -0.494235426188 0.463628649712 0.100678265095 -0.17744917 -0.52422565 0.0259997844696
1616441204.95 -0.49347192049 0.464973390102 0.101747900248 -0.17744917 -0.52422565 0.0090000629425
1616441205.0 -0.494636505842 0.467308610678 0.100616723299 -0.17744917 -0.52422565 0.0260000228882
1616441373.81 -0.40059235692 0.443333983421 0.217727228999 -0.17744917 -0.52422565 2.14900016785
1616441374.29 -0.380193144083 0.459105432034 0.200642630458 -0.17744917 -0.52422565 0.133999824524
1616441375.98 -0.443924933672 0.450731873512 0.0755092054605 -0.17744917 -0.52422565 0.852999925613
1616441376.0 -0.447079658508 0.452013492584 0.0738204792142 -0.17744917 -0.52422565 0.0130000114441
1616441389.07 -0.506806313992 0.568714857101 0.123013041914 -0.17744917 -0.52422565 0.880000114441
1616441389.67 -0.493649870157 0.692625641823 0.100504949689 -0.17744917 -0.52422565 0.319000005722
1616441392.22 -0.426806598902 0.555859684944 0.225710138679 -0.17744917 -0.52422565 0.256000041962
1616441393.55 -0.405013203621 0.560610055923 0.218876466155 -0.17744917 -0.52422565 0.0659999847412
1616441393.78 -0.397960036993 0.607531547546 0.215399056673 -0.17744917 -0.52422565 0.176000118256
1616441395.62 -0.37509599328 0.675928354263 0.194148600101 -0.17744917 -0.52422565 0.309000015259
1616441404.46 -0.464795470238 0.447767704725 0.0803230255842 -0.17744917 -0.52422565 1.15599989891
1616441408.64 -0.427930295467 0.591156601906 0.225049123168 -0.17744917 -0.52422565 0.6890001297
1616441409.81 -0.452715873718 0.707121312618 0.223243907094 -0.17744917 -0.52422565 0.964000225067
1616441491.81 -0.376787930727 0.641876399517 0.354054868221 -0.17744917 -0.52422565 1.39599990845
1616441492.68 -0.361380338669 0.701211392879 0.374252438545 -0.17744917 -0.52422565 0.855000019073
1616441494.39 -0.3901668787 0.665494084358 0.272668659687 -0.17744917 -0.52422565 0.815999984741
1616441556.96 -0.484396517277 0.516060650349 0.389095783234 -0.17744917 -0.52422565 0.817999839783
1616441558.71 -0.471536755562 0.651949107647 0.377740442753 -0.17744917 -0.52422565 0.25
1616441559.35 -0.471122264862 0.652637302876 0.377698302269 -0.17744917 -0.52422565 0.0920000076294
1616441559.98 -0.491326481104 0.634137928486 0.397804498672 -0.17744917 -0.52422565 0.209000110626
1616441561.45 -0.476141244173 0.669525742531 0.381727278233 -0.17744917 -0.52422565 0.376000165939
1616441561.78 -0.479564994574 0.6771723032 0.383098125458 -0.17744917 -0.52422565 0.275000095367
1616441562.6 -0.438921511173 0.666951179504 0.364001810551 -0.17744917 -0.52422565 0.425000190735
1616441563.24 -0.405773043633 0.565187871456 0.364691436291 -0.17744917 -0.52422565 0.166999816895
1616441566.55 -0.462548434734 0.516502439976 0.502229630947 -0.17744917 -0.52422565 2.00999999046
1616441605.9 -0.367418140173 0.450817763805 0.186037927866 -0.17744917 -0.52422565 0.518999814987
1616441625.05 -0.472498446703 0.60948073864 0.248329564929 -0.17744917 -0.52422565 3.78999996185
1616441635.82 -0.510823726654 0.637706458569 0.147891193628 -0.17744917 -0.52422565 0.898000001907
1616441638.29 -0.501007735729 0.649289727211 0.247355207801 -0.17744917 -0.52422565 2.46199989319
1616441698.86 -0.501059472561 0.460968136787 0.330677270889 -0.17744917 -0.52422565 4.71500015259
1616441702.94 -0.508565366268 0.472859472036 0.182101994753 -0.17744917 -0.52422565 3.617000103
1616441771.27 -0.501704633236 0.459298849106 0.441766023636 -0.17744917 -0.52422565 0.066999912262
1616441776.27 -0.392144382 0.539482474327 0.513731658459 -0.17744917 -0.52422565 0.0500001907349
1616441777.73 -0.453142344952 0.704973161221 0.502947092056 -0.2766775 0.59623015 0.509999990463
1616441796.47 -0.484189838171 0.498729586601 1.32937479019 -0.2766775 0.59623015 0.354000091553
1616441798.27 -0.604993164539 0.662923455238 1.23387098312 -0.2766775 0.59623015 1.19199991226
1616441800.22 -0.534903109074 0.462835162878 1.44161462784 -0.2766775 0.59623015 0.117000102997
1616441822.33 -0.448732703924 0.464843869209 1.57512199879 -0.2766775 0.59623015 0.641999959946
1616441860.9 -0.594795823097 0.646862030029 1.60280299187 -0.2766775 0.59623015 0.258999824524
1616441862.17 -0.537076175213 0.555971443653 1.49422705173 -0.2766775 0.59623015 1.17899990082
1616441875.9 -0.567264020443 0.696970105171 1.21223509312 -0.2766775 0.59623015 0.838000059128
1616441876.75 -0.513500809669 0.451404124498 1.3532679081 -0.2766775 0.59623015 0.428999900818
1616441878.17 -0.579544901848 0.657203674316 1.34189164639 -0.2766775 0.59623015 0.586999893188
1616441905.69 -0.47043761611 0.477278590202 1.62283754349 -0.2766775 0.59623015 0.5
1616441941.62 -0.462611228228 0.540365636349 1.6157810688 -0.2766775 0.59623015 0.263000011444
1616441942.88 -0.564770996571 0.651970505714 1.5038214922 -0.2766775 0.59623015 0.850000143051
1616441959.99 -0.497516810894 0.529571354389 1.35372877121 -0.2766775 0.59623015 0.37900018692
1616441961.51 -0.521238923073 0.645314097404 1.36282384396 -0.2766775 0.59623015 0.875
1616442024.41 -0.528170108795 0.548247814178 1.64662456512 -0.2766775 0.59623015 0.505000114441
1616442025.47 -0.594958424568 0.688143372536 1.53958249092 -0.2766775 0.59623015 0.980000019073
1616442027.29 -0.46517726779 0.454570889473 1.53431260586 -0.2766775 0.59623015 0.182999849319
1616442032.35 -0.5871925354 0.625733196735 1.22291612625 -0.2766775 0.59623015 0.085000038147
1616442032.88 -0.568358719349 0.6978302598 1.20974028111 -0.2766775 0.59623015 0.319000005722
1616442033.97 -0.600738942623 0.625550031662 1.23330628872 -0.2766775 0.59623015 0.625
1616442081.61 -0.534154772758 0.475274145603 1.64790117741 -0.2766775 0.59623015 0.417000055313
1616442097.34 -0.473226219416 0.556874811649 1.62718462944 -0.2766775 0.59623015 0.253000020981
1616442098.42 -0.590609610081 0.634446084499 1.53188741207 -0.2766775 0.59623015 0.741999864578
1616442108.3 -0.463577926159 0.453201711178 1.25602400303 -0.2766775 0.59623015 0.345999956131
1616442109.28 -0.483026117086 0.453077852726 1.331630826 -0.2766775 0.59623015 0.328999996185
1616442111.6 -0.597473740578 0.641528367996 1.23315703869 -0.2766775 0.59623015 1.06100010872
1616442134.89 -0.458143442869 0.474449574947 1.60607135296 -0.2766775 0.59623015 0.200999975204
1616442168.88 -0.560149431229 0.475633978844 1.6415245533 -0.2766775 0.59623015 0.434000015259
1616442173.84 -0.59259980917 0.590671598911 1.53239285946 -0.2766775 0.59623015 0.269999980927
1616442174.83 -0.500495553017 0.713899254799 1.59464025497 -0.1809155 -0.6223255 0.513999938965
1616442185.65 -0.377582281828 0.630659103394 0.0745217576623 -0.1809155 -0.6223255 2.88400006294
1616442220.29 -0.372977614403 0.459297597408 0.298293530941 -0.1809155 -0.6223255 0.217000007629
1616442251.74 -0.444860607386 0.466924309731 0.208814665675 -0.1809155 -0.6223255 3.00500011444
1616442271.93 -0.356740385294 0.585209727287 0.043582033366 -0.1809155 -0.6223255 1.53600001335
1616442309.42 -0.441409498453 0.459979653358 0.3828125 -0.1809155 -0.6223255 4.42899990082
1616442320.17 -0.459969699383 0.458682239056 0.0942879915237 -0.1809155 -0.6223255 3.39999985695
1616442381.93 -0.41730466485 0.71719878912 0.428039908409 -0.1809155 -0.6223255 0.851000070572
1616442382.26 -0.354364722967 0.567335128784 0.371059477329 -0.1809155 -0.6223255 0.184000015259
1616442402.11 -0.388315826654 0.594536542892 0.00789455324411 -0.1809155 -0.6223255 1.37199997902
1616442463.35 -0.375436037779 0.652554512024 0.300831496716 -0.1809155 -0.6223255 0.65399980545
1616442463.42 -0.371828109026 0.661748886108 0.304220199585 -0.1809155 -0.6223255 0.0250000953674
1616442463.46 -0.370036125183 0.669235825539 0.307158470154 -0.1809155 -0.6223255 0.0169999599457
1616442463.5 -0.369296014309 0.672512471676 0.308131098747 -0.1809155 -0.6223255 0.0169999599457
1616442466.58 -0.486084371805 0.586351633072 0.289452791214 -0.1809155 -0.6223255 2.96400022507
1616442530.79 -0.406858354807 0.676046550274 0.385196775198 -0.17173463 -0.51295304 1.0759999752
1616442545.53 -0.49764212966 0.563722610474 0.143658638 -0.17173463 -0.51295304 0.621999979019
1616442546.55 -0.497169792652 0.695669472218 0.13846346736 -0.17173463 -0.51295304 0.686000108719
1616442571.33 -0.418572843075 0.466711908579 0.539767622948 -0.17173463 -0.51295304 0.499000072479
1616442613.58 -0.47366386652 0.515757381916 0.406268835068 -0.17173463 -0.51295304 0.363999843597
1616442614.5 -0.482064545155 0.661629855633 0.415386795998 -0.17173463 -0.51295304 0.65499997139
1616442646.73 -0.456234663725 0.453641325235 0.245955437422 -0.17173463 -0.51295304 0.0110001564026
1616442648.15 -0.42081195116 0.620111823082 0.101045481861 -0.17173463 -0.51295304 1.41300010681
1616442673.85 -0.34415987134 0.48367998004 0.461132645607 -0.17173463 -0.51295304 0.55899977684
1616442713.84 -0.495723843575 0.571934461594 0.438390433788 -0.17173463 -0.51295304 1.22300004959
1616442716.83 -0.401476264 0.441662341356 0.321965962648 -0.17173463 -0.51295304 0.15499997139
1616442731.46 -0.47014978528 0.500793039799 0.105985224247 -0.17173463 -0.51295304 0.364000082016
1616442732.59 -0.497723907232 0.645880579948 0.133368700743 -0.17173463 -0.51295304 0.770999908447
1616442803.71 -0.455099821091 0.651657998562 0.395054042339 -0.17173463 -0.51295304 1.52600002289
1616442829.81 -0.378220230341 0.450293779373 0.227074682713 -0.17173463 -0.51295304 0.769000053406
1616442830.46 -0.482317358255 0.45040589571 0.114543780684 -0.17173463 -0.51295304 0.355000019073
1616442839.97 -0.502693355083 0.647822439671 0.151992678642 -0.17173463 -0.51295304 0.686000108719
1616442903.89 -0.461886405945 0.507443487644 0.39616599679 -0.17173463 -0.51295304 0.380000114441
1616442910.67 -0.378949940205 0.541109621525 0.52789914608 -0.17173463 -0.51295304 0.501999855042
1616442912.7 -0.486345618963 0.61280632019 0.502913296223 -0.17173463 -0.51295304 1.00499987602
