1616441409 0 0 0 0 0 38218
1616441492 0 0 0 0 0 48157
1616441494 0 0 0 0 0 48398
1616441565 0 0 0 0 0 56946
1616441622 0 0 0 0 0 63760
1616441624 0 0 0 0 0 64001
1616441636 0 0 0 0 0 65437
1616441696 0 0 0 0 0 72674
1616441701 0 0 0 0 0 73296
1616441777 0 0 0 0 0 82402
1616441797 0 0 1 0 0 84835
1616441861 0 0 1 0 0 92458
1616441878 0 0 1 0 0 94445
1616441942 0 0 1 0 0 102190
1616441961 0 0 1 0 0 104420
1616442025 0 0 1 0 0 112092
1616442033 0 0 1 0 0 113137
1616442098 0 0 1 0 0 120864
1616442111 0 0 1 0 0 122417
1616442174 0 0 1 0 0 130056
1616442183 0 0 0 0 0 131127
1616442249 0 0 0 0 0 139038
1616442271 0 0 0 0 0 141633
1616442307 0 0 0 0 0 145975
1616442317 0 0 0 0 0 147227
1616442381 0 0 0 0 0 154899
1616442401 0 0 0 0 0 157279
1616442464 0 0 0 0 0 164772
1616442466 0 0 0 0 0 165013
1616442530 0 0 0 0 0 172739
1616442546 0 0 0 0 0 174640
1616442614 0 0 0 0 0 182802
1616442647 0 0 0 0 0 186829
1616442713 0 0 0 0 0 194712
1616442732 0 0 0 0 0 196958
1616442803 0 0 0 0 0 205445
1616442839 0 0 0 0 0 209851
1616442912 0 0 0 0 0 218561
